<!DOCTYPE html>
<html lang="en">
<head>
<meta charset="utf-8"/>
<style>body{background-color:white;}</style>
<link href="lib/htmltools-fill-0.5.8.1/fill.css" rel="stylesheet" />
<script src="lib/htmlwidgets-1.6.4/htmlwidgets.js"></script>
<script src="lib/plotly-binding-4.11.0/plotly.js"></script>
<script src="lib/typedarray-0.1/typedarray.min.js"></script>
<script src="lib/jquery-3.5.1/jquery.min.js"></script>
<link href="lib/crosstalk-1.2.2/css/crosstalk.min.css" rel="stylesheet" />
<script src="lib/crosstalk-1.2.2/js/crosstalk.min.js"></script>
<link href="lib/plotly-htmlwidgets-css-2.11.1/plotly-htmlwidgets.css" rel="stylesheet" />
<script src="lib/plotly-main-2.11.1/plotly-latest.min.js"></script>

</head>
<body>
<h1 style="text-align: center; color: #1e40af; margin-bottom: 20px;">Multivariate Normal Distribution</h1>
<p style="text-align: center; margin-bottom: 40px;"> </p>
<div style="padding: 20px; border: 1px solid #e5e7eb; border-radius: 8px; margin-bottom: 30px;">
  <div class="plotly html-widget html-fill-item" id="htmlwidget-a67fde72fa0cffb90631" style="width:100%;height:400px;"></div>
  <script type="application/json" data-for="htmlwidget-a67fde72fa0cffb90631">{"x":{"visdat":{"3cd059344c63":["function () ","plotlyVisDat"]},"cur_data":"3cd059344c63","attrs":{"3cd059344c63":{"x":[-3,-2.8775510204081631,-2.7551020408163267,-2.6326530612244898,-2.510204081632653,-2.3877551020408161,-2.2653061224489797,-2.1428571428571428,-2.0204081632653059,-1.8979591836734695,-1.7755102040816326,-1.653061224489796,-1.5306122448979593,-1.4081632653061225,-1.2857142857142858,-1.1632653061224489,-1.0408163265306123,-0.91836734693877542,-0.79591836734693899,-0.67346938775510212,-0.55102040816326525,-0.42857142857142883,-0.30612244897959195,-0.18367346938775508,-0.061224489795918657,0.061224489795918213,0.18367346938775508,0.30612244897959195,0.42857142857142838,0.55102040816326525,0.67346938775510212,0.79591836734693855,0.91836734693877542,1.0408163265306118,1.1632653061224492,1.2857142857142856,1.408163265306122,1.5306122448979593,1.6530612244897958,1.7755102040816322,1.8979591836734695,2.0204081632653059,2.1428571428571423,2.2653061224489797,2.3877551020408161,2.5102040816326525,2.6326530612244898,2.7551020408163263,2.8775510204081627,3],"y":[-3,-2.8775510204081631,-2.7551020408163267,-2.6326530612244898,-2.510204081632653,-2.3877551020408161,-2.2653061224489797,-2.1428571428571428,-2.0204081632653059,-1.8979591836734695,-1.7755102040816326,-1.653061224489796,-1.5306122448979593,-1.4081632653061225,-1.2857142857142858,-1.1632653061224489,-1.0408163265306123,-0.91836734693877542,-0.79591836734693899,-0.67346938775510212,-0.55102040816326525,-0.42857142857142883,-0.30612244897959195,-0.18367346938775508,-0.061224489795918657,0.061224489795918213,0.18367346938775508,0.30612244897959195,0.42857142857142838,0.55102040816326525,0.67346938775510212,0.79591836734693855,0.91836734693877542,1.0408163265306118,1.1632653061224492,1.2857142857142856,1.408163265306122,1.5306122448979593,1.6530612244897958,1.7755102040816322,1.8979591836734695,2.0204081632653059,2.1428571428571423,2.2653061224489797,2.3877551020408161,2.5102040816326525,2.6326530612244898,2.7551020408163263,2.8775510204081627,3],"z":[[1.9641280346397457e-05,2.814820407161733e-05,3.9739269854790356e-05,5.5268461046096029e-05,7.5722188301093255e-05,0.00010220149214360127,0.00013588753258886934,0.00017798782057373114,0.0002296620587072677,0.00029192851484134073,0.00036555445257840648,0.0004509370655809499,0.00054798426303110227,0.00065600709253455913,0.00077363708353703946,0.00089878190287086723,0.0010286311109174878,0.0011597203756795896,0.001288057396040679,0.0014093064507132433,0.0015190216365667253,0.0016129123821806899,0.0016871196667378012,0.0017384783878473635,0.0017647410989833892,0.0017647410989833892,0.0017384783878473635,0.0016871196667378012,0.0016129123821806914,0.0015190216365667253,0.0014093064507132433,0.001288057396040679,0.0011597203756795896,0.0010286311109174878,0.00089878190287086648,0.00077363708353704011,0.00065600709253455913,0.00054798426303110227,0.0004509370655809499,0.0003655544525784068,0.00029192851484134073,0.0002296620587072677,0.00017798782057373114,0.00013588753258886934,0.00010220149214360127,7.5722188301093255e-05,5.5268461046096029e-05,3.9739269854790356e-05,2.814820407161733e-05,1.9641280346397457e-05],[2.814820407161733e-05,4.0339599989607444e-05,5.6950924675074853e-05,7.9206034067686796e-05,0.00010851856760140131,0.00014646644243889812,0.00019474239614942479,0.0002550769301905881,0.0003291320312112765,0.00041836699365606302,0.00052388139413491147,0.00064624445665310089,0.00078532420452231098,0.0009401332900621206,0.0011087105382498962,0.0012880573960406801,0.0014741461816072754,0.0016620121104594511,0.0018459337578957311,0.0020196975387808207,0.0021769319647802275,0.0023114881556887761,0.0024178356927370558,0.002491438621729126,0.0025290760944138625,0.0025290760944138625,0.002491438621729126,0.0024178356927370558,0.0023114881556887783,0.0021769319647802275,0.0020196975387808207,0.0018459337578957311,0.0016620121104594511,0.0014741461816072767,0.0012880573960406801,0.0011087105382498973,0.0009401332900621206,0.00078532420452231098,0.00064624445665310089,0.00052388139413491201,0.00041836699365606302,0.0003291320312112765,0.0002550769301905881,0.00019474239614942479,0.00014646644243889812,0.00010851856760140131,7.9206034067686796e-05,5.6950924675074853e-05,4.0339599989607586e-05,2.814820407161733e-05],[3.9739269854790356e-05,5.6950924675074853e-05,8.0402577670121353e-05,0.00011182205280078,0.00015320510790653839,0.00020677942599611328,0.00027493479204074246,0.0003601143055800248,0.0004646643378342083,0.00059064510179531371,0.00073960896547652739,0.00091235955195433473,0.0011087105382498953,0.0013272679996988493,0.0015652631748108191,0.0018184627452424943,0.0020811804819679375,0.0023464071665614782,0.0026060653657493148,0.0028513828205330113,0.0030733643462230965,0.0032633290334032391,0.0034134691085000793,0.0035173807701420435,0.0035705168664935403,0.0035705168664935403,0.0035173807701420435,0.0034134691085000793,0.0032633290334032391,0.0030733643462230965,0.0028513828205330113,0.0026060653657493174,0.0023464071665614782,0.0020811804819679375,0.0018184627452424943,0.0015652631748108191,0.0013272679996988504,0.0011087105382498953,0.0009123595519543356,0.00073960896547652739,0.00059064510179531371,0.0004646643378342083,0.00036011430558002513,0.00027493479204074246,0.00020677942599611328,0.00015320510790653867,0.00011182205280078,8.0402577670121353e-05,5.6950924675074853e-05,3.9739269854790356e-05],[5.5268461046096029e-05,7.9206034067686796e-05,0.00011182205280078,0.00015551953500648954,0.00021307413471198324,0.00028758406212696564,0.00038237297513629541,0.00050083868029830768,0.00064624445665310089,0.00082145560096914198,0.0010286311109174878,0.0012688886469599629,0.0015419690753898921,0.0018459337578957296,0.0021769319647802253,0.0025290760944138603,0.0028944578704602148,0.0032633290334032391,0.0036244556751244281,0.0039656375398940385,0.004274364332066757,0.0045385628428072341,0.0047473742004962164,0.0048918921457095886,0.0049657926044265046,0.0049657926044265046,0.0048918921457095886,0.0047473742004962164,0.0045385628428072341,0.004274364332066757,0.0039656375398940385,0.0036244556751244311,0.0032633290334032391,0.0028944578704602148,0.0025290760944138603,0.0021769319647802253,0.0018459337578957311,0.0015419690753898921,0.001268888646959964,0.0010286311109174878,0.00082145560096914198,0.00064624445665310089,0.00050083868029830812,0.00038237297513629541,0.00028758406212696564,0.00021307413471198362,0.00015551953500648954,0.00011182205280078,7.9206034067686796e-05,5.5268461046096029e-05],[7.5722188301093255e-05,0.00010851856760140131,0.00015320510790653839,0.00021307413471198324,0.00029192851484134073,0.00039401304274799684,0.00052388139413491147,0.00068618883428632016,0.00088540631508465719,0.0011254595210402887,0.0014093064507132433,0.0017384783878473635,0.0021126202986501228,0.0025290760944138625,0.0029825699691234846,0.0034650354401812569,0.0039656375398940428,0.0044710203772398991,0.004965792604426509,0.0054332389005601247,0.0058562191653986446,0.0062181921424003554,0.0065042803136115017,0.006702281395118137,0.0068035309024245243,0.0068035309024245243,0.006702281395118137,0.0065042803136115017,0.0062181921424003554,0.0058562191653986446,0.0054332389005601247,0.004965792604426509,0.0044710203772398991,0.0039656375398940428,0.0034650354401812534,0.0029825699691234846,0.0025290760944138625,0.0021126202986501228,0.0017384783878473635,0.0014093064507132446,0.0011254595210402887,0.00088540631508465719,0.00068618883428632016,0.00052388139413491147,0.00039401304274799684,0.00029192851484134176,0.00021307413471198324,0.00015320510790653867,0.00010851856760140131,7.5722188301093255e-05],[0.00010220149214360127,0.00014646644243889812,0.00020677942599611328,0.00028758406212696564,0.00039401304274799684,0.00053179552514734287,0.00070707756059507629,0.0009261423148190734,0.0011950241875631738,0.0015190216365667253,0.0019021270433677729,0.0023464071665614803,0.0028513828205330139,0.0034134691085000854,0.0040255453270189529,0.0046767242239336097,0.0053523819500076401,0.0060344921906036342,0.006702281395118137,0.0073331890594858498,0.0079040813591365281,0.0083926327229473224,0.0087787631113897709,0.009046003221984034,0.0091826586852991159,0.0091826586852991159,0.009046003221984034,0.0087787631113897709,0.0083926327229473224,0.0079040813591365281,0.0073331890594858498,0.006702281395118137,0.0060344921906036342,0.0053523819500076453,0.0046767242239336097,0.0040255453270189563,0.0034134691085000854,0.0028513828205330139,0.0023464071665614803,0.0019021270433677746,0.0015190216365667253,0.0011950241875631738,0.00092614231481907513,0.00070707756059507629,0.00053179552514734287,0.00039401304274799717,0.00028758406212696564,0.00020677942599611401,0.00014646644243889812,0.00010220149214360127],[0.00013588753258886934,0.00019474239614942479,0.00027493479204074246,0.00038237297513629541,0.00052388139413491147,0.00070707756059507629,0.00094013329006211973,0.001231402706039525,0.0015889091717350727,0.002019697538780819,0.0025290760944138625,0.0031197928095303491,0.0037912105569270927,0.0045385628428072341,0.0053523819500076401,0.0062181921424003554,0.0071165494887079966,0.0080234861253859792,0.0089113814524273572,0.0097502389290077852,0.010509299724955002,0.011158879667270281,0.011672280251180552,0.012027603823036109,0.012209301500195091,0.012209301500195091,0.012027603823036109,0.011672280251180552,0.011158879667270281,0.010509299724955002,0.0097502389290077852,0.0089113814524273641,0.0080234861253859792,0.0071165494887080027,0.0062181921424003554,0.0053523819500076401,0.0045385628428072375,0.0037912105569270927,0.0031197928095303517,0.0025290760944138625,0.002019697538780819,0.0015889091717350727,0.001231402706039526,0.00094013329006211973,0.00070707756059507629,0.00052388139413491201,0.00038237297513629541,0.00027493479204074295,0.00019474239614942479,0.00013588753258886934],[0.00017798782057373114,0.0002550769301905881,0.0003601143055800248,0.00050083868029830768,0.00068618883428632016,0.0009261423148190734,0.001231402706039525,0.0016129123821806914,0.002081180481967941,0.0026454344728838769,0.0033126272405855565,0.0040863581244787962,0.004965792604426509,0.0059446874451110901,0.0070106416682266595,0.0081446947063427162,0.009321378564820508,0.010509299724955002,0.011672280251180552,0.012771030159902934,0.013765261007867225,0.014616091956214113,0.015288552845528654,0.015753961753528979,0.015991952487076858,0.015991952487076858,0.015753961753528979,0.015288552845528654,0.014616091956214113,0.013765261007867225,0.012771030159902934,0.011672280251180563,0.010509299724955002,0.009321378564820515,0.0081446947063427162,0.0070106416682266595,0.0059446874451110953,0.004965792604426509,0.0040863581244787997,0.0033126272405855596,0.0026454344728838769,0.002081180481967941,0.0016129123821806927,0.001231402706039525,0.0009261423148190734,0.00068618883428632081,0.00050083868029830768,0.00036011430558002513,0.0002550769301905881,0.00017798782057373114],[0.0002296620587072677,0.0003291320312112765,0.0004646643378342083,0.00064624445665310089,0.00088540631508465719,0.0011950241875631738,0.0015889091717350727,0.002081180481967941,0.0026853983182076407,0.0034134691085000823,0.0042743643320667614,0.0052727283049921166,0.0064074842254360055,0.0076705762934486848,0.009046003221984034,0.010509299724955012,0.01202760382303612,0.013560407687587058,0.015061030039321395,0.016478774046906862,0.01776165454197514,0.018859502622699607,0.019727195433040648,0.020327723983856731,0.0206348092756687,0.0206348092756687,0.020327723983856731,0.019727195433040648,0.018859502622699607,0.01776165454197514,0.016478774046906862,0.015061030039321395,0.013560407687587058,0.01202760382303612,0.010509299724955002,0.009046003221984034,0.0076705762934486986,0.0064074842254360055,0.0052727283049921166,0.0042743643320667648,0.0034134691085000823,0.0026853983182076407,0.002081180481967941,0.0015889091717350727,0.0011950241875631738,0.00088540631508465882,0.00064624445665310089,0.00046466433783420874,0.0003291320312112771,0.0002296620587072677],[0.00029192851484134073,0.00041836699365606302,0.00059064510179531371,0.00082145560096914198,0.0011254595210402887,0.0015190216365667253,0.002019697538780819,0.0026454344728838769,0.0034134691085000823,0.004338935969268533,0.0054332389005601204,0.006702281395118131,0.0081446947063427162,0.0097502389290077852,0.011498574473765327,0.013358602975161525,0.015288552845528654,0.017236933689278647,0.01914440790136825,0.020946533619866561,0.022577231349183546,0.023972730290242061,0.025075673784205246,0.025839018887642718,0.0262293617839526,0.0262293617839526,0.025839018887642718,0.025075673784205246,0.023972730290242071,0.022577231349183546,0.020946533619866561,0.019144407901368257,0.017236933689278647,0.015288552845528654,0.013358602975161525,0.011498574473765335,0.0097502389290077939,0.0081446947063427162,0.006702281395118137,0.0054332389005601247,0.004338935969268533,0.0034134691085000823,0.0026454344728838795,0.002019697538780819,0.0015190216365667253,0.0011254595210402907,0.00082145560096914198,0.00059064510179531425,0.00041836699365606339,0.00029192851484134073],[0.00036555445257840648,0.00052388139413491147,0.00073960896547652739,0.0010286311109174878,0.0014093064507132433,0.0019021270433677729,0.0025290760944138625,0.0033126272405855565,0.0042743643320667614,0.0054332389005601204,0.0068035309024245243,0.0083926327229473154,0.010198830410292374,0.012209301500195091,0.014398576649745197,0.01672771431886827,0.019144407901368257,0.021584180847626595,0.023972730290242071,0.026229361783952611,0.028271330229841844,0.030018781491153678,0.031399893251954962,0.032355758086081043,0.032844547555160412,0.032844547555160412,0.032355758086081043,0.031399893251954962,0.030018781491153678,0.028271330229841844,0.026229361783952611,0.023972730290242071,0.021584180847626595,0.019144407901368267,0.016727714318868256,0.014398576649745197,0.012209301500195113,0.010198830410292374,0.0083926327229473154,0.0068035309024245304,0.0054332389005601204,0.0042743643320667614,0.0033126272405855622,0.0025290760944138625,0.0019021270433677729,0.0014093064507132459,0.0010286311109174878,0.00073960896547652804,0.00052388139413491201,0.00036555445257840648],[0.0004509370655809499,0.00064624445665310089,0.00091235955195433473,0.0012688886469599629,0.0017384783878473635,0.0023464071665614803,0.0031197928095303491,0.0040863581244787962,0.0052727283049921166,0.006702281395118131,0.0083926327229473154,0.010352901314402077,0.012580972889636922,0.015061030039321383,0.017761654541975123,0.020634809275668693,0.023615970371681096,0.026625601482202322,0.029572044806995389,0.032355758086081016,0.034874669434317662,0.037030273171226522,0.038733971430848974,0.039913097769900707,0.040516053874849953,0.040516053874849953,0.039913097769900707,0.038733971430848974,0.037030273171226522,0.034874669434317662,0.032355758086081016,0.029572044806995403,0.026625601482202322,0.023615970371681116,0.020634809275668683,0.017761654541975123,0.015061030039321395,0.012580972889636922,0.010352901314402087,0.0083926327229473224,0.006702281395118131,0.0052727283049921166,0.0040863581244787997,0.0031197928095303491,0.0023464071665614803,0.001738478387847365,0.0012688886469599629,0.00091235955195433636,0.00064624445665310154,0.0004509370655809499],[0.00054798426303110227,0.00078532420452231098,0.0011087105382498953,0.0015419690753898921,0.0021126202986501228,0.0028513828205330139,0.0037912105569270927,0.004965792604426509,0.0064074842254360055,0.0081446947063427162,0.010198830410292374,0.012580972889636922,0.015288552845528654,0.018302348767791091,0.021584180847626588,0.025075673784205246,0.028698417379413425,0.03235575808608103,0.035936312219105156,0.039319114801022875,0.042380126822791006,0.044999642971092733,0.047069998030559425,0.048502886846415336,0.04923560651403687,0.04923560651403687,0.048502886846415336,0.047069998030559425,0.044999642971092754,0.042380126822791006,0.039319114801022875,0.03593631221910517,0.03235575808608103,0.028698417379413425,0.025075673784205246,0.021584180847626595,0.018302348767791108,0.015288552845528654,0.012580972889636935,0.010198830410292382,0.0081446947063427162,0.0064074842254360055,0.0049657926044265133,0.0037912105569270927,0.0028513828205330139,0.0021126202986501263,0.0015419690753898921,0.0011087105382498962,0.00078532420452231163,0.00054798426303110227],[0.00065600709253455913,0.0009401332900621206,0.0013272679996988493,0.0018459337578957296,0.0025290760944138625,0.0034134691085000854,0.0045385628428072341,0.0059446874451110901,0.0076705762934486848,0.0097502389290077852,0.012209301500195091,0.015061030039321383,0.018302348767791091,0.021910247085016443,0.025839018887642718,0.030018781491153678,0.034355667882279506,0.038733971430848994,0.043020351651834349,0.047069998030559425,0.050734420044261451,0.053870315156996126,0.056348794366531119,0.058064145133751181,0.058941304080142358,0.058941304080142386,0.058064145133751181,0.056348794366531119,0.053870315156996126,0.050734420044261451,0.047069998030559425,0.04302035165183437,0.038733971430848994,0.03435566788227952,0.030018781491153664,0.025839018887642718,0.021910247085016463,0.018302348767791091,0.015061030039321395,0.012209301500195113,0.0097502389290077852,0.0076705762934486848,0.0059446874451110953,0.0045385628428072341,0.0034134691085000854,0.0025290760944138646,0.0018459337578957296,0.0013272679996988517,0.00094013329006212146,0.00065600709253455913],[0.00077363708353703946,0.0011087105382498962,0.0015652631748108191,0.0021769319647802253,0.0029825699691234846,0.0040255453270189529,0.0053523819500076401,0.0070106416682266595,0.009046003221984034,0.011498574473765327,0.014398576649745197,0.017761654541975123,0.021584180847626588,0.025839018887642718,0.030472266902573621,0.035401511398946275,0.040516053874849953,0.045679440104514413,0.05073442004426143,0.055510216905982353,0.059831714023606888,0.063529912986549197,0.066452813438529976,0.068475747306009846,0.069510191440542921,0.069510191440542948,0.068475747306009846,0.066452813438529976,0.063529912986549225,0.059831714023606888,0.055510216905982353,0.050734420044261451,0.045679440104514413,0.040516053874849953,0.035401511398946275,0.030472266902573635,0.025839018887642728,0.021584180847626588,0.017761654541975123,0.014398576649745209,0.011498574473765327,0.009046003221984034,0.0070106416682266656,0.0053523819500076401,0.0040255453270189529,0.0029825699691234898,0.0021769319647802253,0.0015652631748108204,0.0011087105382498973,0.00077363708353703946],[0.00089878190287086723,0.0012880573960406801,0.0018184627452424943,0.0025290760944138603,0.0034650354401812569,0.0046767242239336097,0.0062181921424003554,0.0081446947063427162,0.010509299724955012,0.013358602975161525,0.01672771431886827,0.020634809275668693,0.025075673784205246,0.030018781491153678,0.035401511398946275,0.041128118670550072,0.047069998030559425,0.053068622191047826,0.058941304080142358,0.064489641772898162,0.069510191440542948,0.073806617208955871,0.077202330891814289,0.079552497900979402,0.080754275436511369,0.080754275436511369,0.079552497900979402,0.077202330891814289,0.073806617208955913,0.069510191440542948,0.064489641772898162,0.058941304080142386,0.053068622191047826,0.047069998030559466,0.041128118670550058,0.035401511398946296,0.030018781491153688,0.025075673784205246,0.0206348092756687,0.016727714318868287,0.013358602975161525,0.010509299724955012,0.0081446947063427231,0.0062181921424003554,0.0046767242239336097,0.0034650354401812599,0.0025290760944138603,0.0018184627452424976,0.0012880573960406814,0.00089878190287086723],[0.0010286311109174878,0.0014741461816072754,0.0020811804819679375,0.0028944578704602148,0.0039656375398940428,0.0053523819500076401,0.0071165494887079966,0.009321378564820508,0.01202760382303612,0.015288552845528654,0.019144407901368257,0.023615970371681096,0.028698417379413425,0.034355667882279506,0.040516053874849953,0.047069998030559425,0.053870315156996126,0.060735575143284669,0.067456697671841231,0.073806617208955871,0.079552497900979374,0.084469638752414714,0.088355939452060842,0.091045640806479936,0.092421042066230863,0.092421042066230863,0.091045640806479936,0.088355939452060842,0.084469638752414714,0.079552497900979374,0.073806617208955871,0.067456697671841287,0.060735575143284669,0.053870315156996147,0.047069998030559425,0.040516053874849953,0.034355667882279534,0.028698417379413425,0.023615970371681116,0.019144407901368267,0.015288552845528654,0.01202760382303612,0.009321378564820515,0.0071165494887079966,0.0053523819500076401,0.0039656375398940463,0.0028944578704602148,0.002081180481967941,0.001474146181607278,0.0010286311109174878],[0.0011597203756795896,0.0016620121104594511,0.0023464071665614782,0.0032633290334032391,0.0044710203772398991,0.0060344921906036342,0.0080234861253859792,0.010509299724955002,0.013560407687587058,0.017236933689278647,0.021584180847626595,0.026625601482202322,0.03235575808608103,0.038733971430848994,0.045679440104514413,0.053068622191047826,0.060735575143284669,0.068475747306009846,0.076053413061086789,0.083212569529287836,0.089690708138978517,0.095234491887080081,0.099616064697353596,0.10264854294160052,0.10419922602782929,0.10419922602782929,0.10264854294160052,0.099616064697353596,0.095234491887080122,0.089690708138978517,0.083212569529287836,0.076053413061086816,0.068475747306009846,0.060735575143284697,0.053068622191047798,0.045679440104514434,0.038733971430849008,0.03235575808608103,0.026625601482202332,0.021584180847626616,0.017236933689278647,0.013560407687587058,0.010509299724955021,0.0080234861253859792,0.0060344921906036342,0.0044710203772399025,0.0032633290334032391,0.0023464071665614803,0.0016620121104594526,0.0011597203756795896],[0.001288057396040679,0.0018459337578957311,0.0026060653657493148,0.0036244556751244281,0.004965792604426509,0.006702281395118137,0.0089113814524273572,0.011672280251180552,0.015061030039321395,0.01914440790136825,0.023972730290242071,0.029572044806995389,0.035936312219105156,0.043020351651834349,0.05073442004426143,0.058941304080142358,0.067456697671841231,0.076053413061086789,0.084469638752414672,0.092421042066230863,0.099616064697353554,0.1057733348536254,0.11063978144102485,0.11400783990817542,0.11573012474512311,0.11573012474512311,0.11400783990817542,0.11063978144102485,0.10577333485362546,0.099616064697353554,0.092421042066230863,0.084469638752414714,0.076053413061086789,0.067456697671841287,0.05894130408014233,0.050734420044261451,0.04302035165183437,0.035936312219105156,0.029572044806995403,0.023972730290242081,0.01914440790136825,0.015061030039321395,0.011672280251180573,0.0089113814524273572,0.006702281395118137,0.0049657926044265133,0.0036244556751244281,0.0026060653657493196,0.0018459337578957328,0.001288057396040679],[0.0014093064507132433,0.0020196975387808207,0.0028513828205330113,0.0039656375398940385,0.0054332389005601247,0.0073331890594858498,0.0097502389290077852,0.012771030159902934,0.016478774046906862,0.020946533619866561,0.026229361783952611,0.032355758086081016,0.039319114801022875,0.047069998030559425,0.055510216905982353,0.064489641772898162,0.073806617208955871,0.083212569529287836,0.092421042066230863,0.10112093697528492,0.10899325061459794,0.11573012474512311,0.12105466586320919,0.12473977068751679,0.12662417982808535,0.12662417982808535,0.12473977068751679,0.12105466586320919,0.11573012474512311,0.10899325061459794,0.10112093697528492,0.092421042066230891,0.083212569529287836,0.073806617208955913,0.064489641772898162,0.055510216905982353,0.047069998030559466,0.039319114801022875,0.032355758086081043,0.026229361783952621,0.020946533619866561,0.016478774046906862,0.012771030159902946,0.0097502389290077852,0.0073331890594858498,0.0054332389005601299,0.0039656375398940385,0.0028513828205330165,0.0020196975387808229,0.0014093064507132433],[0.0015190216365667253,0.0021769319647802275,0.0030733643462230965,0.004274364332066757,0.0058562191653986446,0.0079040813591365281,0.010509299724955002,0.013765261007867225,0.01776165454197514,0.022577231349183546,0.028271330229841844,0.034874669434317662,0.042380126822791006,0.050734420044261451,0.059831714023606888,0.069510191440542948,0.079552497900979374,0.089690708138978517,0.099616064697353554,0.10899325061459794,0.1174784276617219,0.12473977068751679,0.13047882989573131,0.13445082190520999,0.13648193320482765,0.13648193320482765,0.13445082190520999,0.13047882989573131,0.12473977068751685,0.1174784276617219,0.10899325061459794,0.099616064697353596,0.089690708138978517,0.079552497900979444,0.069510191440542921,0.059831714023606916,0.050734420044261479,0.042380126822791006,0.034874669434317676,0.028271330229841855,0.022577231349183546,0.01776165454197514,0.013765261007867249,0.010509299724955002,0.0079040813591365281,0.0058562191653986498,0.004274364332066757,0.0030733643462231021,0.0021769319647802292,0.0015190216365667253],[0.0016129123821806899,0.0023114881556887761,0.0032633290334032391,0.0045385628428072341,0.0062181921424003554,0.0083926327229473224,0.011158879667270281,0.014616091956214113,0.018859502622699607,0.023972730290242061,0.030018781491153678,0.037030273171226522,0.044999642971092733,0.053870315156996126,0.063529912986549197,0.073806617208955871,0.084469638752414714,0.095234491887080081,0.1057733348536254,0.11573012474512311,0.12473977068751679,0.13244993741301336,0.13854372793986777,0.14276122882319342,0.14491788313665324,0.14491788313665324,0.14276122882319342,0.13854372793986777,0.13244993741301336,0.12473977068751679,0.11573012474512311,0.10577333485362546,0.095234491887080081,0.084469638752414755,0.073806617208955871,0.063529912986549225,0.053870315156996175,0.044999642971092733,0.037030273171226542,0.030018781491153688,0.023972730290242061,0.018859502622699607,0.014616091956214125,0.011158879667270281,0.0083926327229473224,0.0062181921424003667,0.0045385628428072341,0.0032633290334032447,0.0023114881556887783,0.0016129123821806899],[0.0016871196667378012,0.0024178356927370558,0.0034134691085000793,0.0047473742004962164,0.0065042803136115017,0.0087787631113897709,0.011672280251180552,0.015288552845528654,0.019727195433040648,0.025075673784205246,0.031399893251954962,0.038733971430848974,0.047069998030559425,0.056348794366531119,0.066452813438529976,0.077202330891814289,0.088355939452060842,0.099616064697353596,0.11063978144102485,0.12105466586320919,0.13047882989573131,0.13854372793986777,0.14491788313665324,0.14932942387708859,0.1515853020926638,0.1515853020926638,0.14932942387708859,0.14491788313665324,0.1385437279398678,0.13047882989573131,0.12105466586320919,0.1106397814410249,0.099616064697353596,0.088355939452060925,0.077202330891814247,0.066452813438530017,0.056348794366531167,0.047069998030559425,0.038733971430848994,0.031399893251954976,0.025075673784205246,0.019727195433040648,0.015288552845528668,0.011672280251180552,0.0087787631113897709,0.0065042803136115138,0.0047473742004962164,0.0034134691085000854,0.0024178356927370575,0.0016871196667378012],[0.0017384783878473635,0.002491438621729126,0.0035173807701420435,0.0048918921457095886,0.006702281395118137,0.009046003221984034,0.012027603823036109,0.015753961753528979,0.020327723983856731,0.025839018887642718,0.032355758086081043,0.039913097769900707,0.048502886846415336,0.058064145133751181,0.068475747306009846,0.079552497900979402,0.091045640806479936,0.10264854294160052,0.11400783990817542,0.12473977068751679,0.13445082190520999,0.14276122882319342,0.14932942387708859,0.15387525923516035,0.15619981012548123,0.15619981012548123,0.15387525923516035,0.14932942387708859,0.14276122882319345,0.13445082190520999,0.12473977068751679,0.11400783990817548,0.10264854294160052,0.091045640806479977,0.079552497900979374,0.068475747306009846,0.05806414513375123,0.048502886846415336,0.039913097769900728,0.032355758086081057,0.025839018887642718,0.020327723983856731,0.015753961753528993,0.012027603823036109,0.009046003221984034,0.0067022813951181431,0.0048918921457095886,0.0035173807701420466,0.0024914386217291281,0.0017384783878473635],[0.0017647410989833892,0.0025290760944138625,0.0035705168664935403,0.0049657926044265046,0.0068035309024245243,0.0091826586852991159,0.012209301500195091,0.015991952487076858,0.0206348092756687,0.0262293617839526,0.032844547555160412,0.040516053874849953,0.04923560651403687,0.058941304080142358,0.069510191440542921,0.080754275436511369,0.092421042066230863,0.10419922602782929,0.11573012474512311,0.12662417982808535,0.13648193320482765,0.14491788313665324,0.1515853020926638,0.15619981012548123,0.15855947736178616,0.15855947736178622,0.15619981012548123,0.1515853020926638,0.14491788313665324,0.13648193320482765,0.12662417982808535,0.11573012474512316,0.10419922602782929,0.092421042066230891,0.080754275436511327,0.069510191440542948,0.058941304080142413,0.04923560651403687,0.040516053874849953,0.032844547555160447,0.0262293617839526,0.0206348092756687,0.015991952487076886,0.012209301500195091,0.0091826586852991159,0.0068035309024245304,0.0049657926044265046,0.0035705168664935463,0.0025290760944138646,0.0017647410989833892],[0.0017647410989833892,0.0025290760944138625,0.0035705168664935403,0.0049657926044265046,0.0068035309024245243,0.0091826586852991159,0.012209301500195091,0.015991952487076858,0.0206348092756687,0.0262293617839526,0.032844547555160412,0.040516053874849953,0.04923560651403687,0.058941304080142386,0.069510191440542948,0.080754275436511369,0.092421042066230863,0.10419922602782929,0.11573012474512311,0.12662417982808535,0.13648193320482765,0.14491788313665324,0.1515853020926638,0.15619981012548123,0.15855947736178622,0.15855947736178622,0.15619981012548123,0.1515853020926638,0.14491788313665327,0.13648193320482765,0.12662417982808535,0.11573012474512316,0.10419922602782929,0.092421042066230891,0.080754275436511327,0.069510191440542976,0.058941304080142413,0.04923560651403687,0.040516053874849953,0.032844547555160447,0.0262293617839526,0.0206348092756687,0.015991952487076886,0.012209301500195091,0.0091826586852991159,0.0068035309024245304,0.0049657926044265046,0.0035705168664935463,0.0025290760944138646,0.0017647410989833892],[0.0017384783878473635,0.002491438621729126,0.0035173807701420435,0.0048918921457095886,0.006702281395118137,0.009046003221984034,0.012027603823036109,0.015753961753528979,0.020327723983856731,0.025839018887642718,0.032355758086081043,0.039913097769900707,0.048502886846415336,0.058064145133751181,0.068475747306009846,0.079552497900979402,0.091045640806479936,0.10264854294160052,0.11400783990817542,0.12473977068751679,0.13445082190520999,0.14276122882319342,0.14932942387708859,0.15387525923516035,0.15619981012548123,0.15619981012548123,0.15387525923516035,0.14932942387708859,0.14276122882319345,0.13445082190520999,0.12473977068751679,0.11400783990817548,0.10264854294160052,0.091045640806479977,0.079552497900979374,0.068475747306009846,0.05806414513375123,0.048502886846415336,0.039913097769900728,0.032355758086081057,0.025839018887642718,0.020327723983856731,0.015753961753528993,0.012027603823036109,0.009046003221984034,0.0067022813951181431,0.0048918921457095886,0.0035173807701420466,0.0024914386217291281,0.0017384783878473635],[0.0016871196667378012,0.0024178356927370558,0.0034134691085000793,0.0047473742004962164,0.0065042803136115017,0.0087787631113897709,0.011672280251180552,0.015288552845528654,0.019727195433040648,0.025075673784205246,0.031399893251954962,0.038733971430848974,0.047069998030559425,0.056348794366531119,0.066452813438529976,0.077202330891814289,0.088355939452060842,0.099616064697353596,0.11063978144102485,0.12105466586320919,0.13047882989573131,0.13854372793986777,0.14491788313665324,0.14932942387708859,0.1515853020926638,0.1515853020926638,0.14932942387708859,0.14491788313665324,0.1385437279398678,0.13047882989573131,0.12105466586320919,0.1106397814410249,0.099616064697353596,0.088355939452060925,0.077202330891814247,0.066452813438530017,0.056348794366531167,0.047069998030559425,0.038733971430848994,0.031399893251954976,0.025075673784205246,0.019727195433040648,0.015288552845528668,0.011672280251180552,0.0087787631113897709,0.0065042803136115138,0.0047473742004962164,0.0034134691085000854,0.0024178356927370575,0.0016871196667378012],[0.0016129123821806914,0.0023114881556887783,0.0032633290334032391,0.0045385628428072341,0.0062181921424003554,0.0083926327229473224,0.011158879667270281,0.014616091956214113,0.018859502622699607,0.023972730290242071,0.030018781491153678,0.037030273171226522,0.044999642971092754,0.053870315156996126,0.063529912986549225,0.073806617208955913,0.084469638752414714,0.095234491887080122,0.10577333485362546,0.11573012474512311,0.12473977068751685,0.13244993741301336,0.1385437279398678,0.14276122882319345,0.14491788313665324,0.14491788313665327,0.14276122882319345,0.1385437279398678,0.13244993741301336,0.12473977068751685,0.11573012474512311,0.1057733348536255,0.095234491887080122,0.084469638752414755,0.073806617208955871,0.063529912986549225,0.053870315156996175,0.044999642971092754,0.037030273171226556,0.030018781491153688,0.023972730290242071,0.018859502622699607,0.014616091956214125,0.011158879667270281,0.0083926327229473224,0.0062181921424003667,0.0045385628428072341,0.0032633290334032447,0.0023114881556887804,0.0016129123821806914],[0.0015190216365667253,0.0021769319647802275,0.0030733643462230965,0.004274364332066757,0.0058562191653986446,0.0079040813591365281,0.010509299724955002,0.013765261007867225,0.01776165454197514,0.022577231349183546,0.028271330229841844,0.034874669434317662,0.042380126822791006,0.050734420044261451,0.059831714023606888,0.069510191440542948,0.079552497900979374,0.089690708138978517,0.099616064697353554,0.10899325061459794,0.1174784276617219,0.12473977068751679,0.13047882989573131,0.13445082190520999,0.13648193320482765,0.13648193320482765,0.13445082190520999,0.13047882989573131,0.12473977068751685,0.1174784276617219,0.10899325061459794,0.099616064697353596,0.089690708138978517,0.079552497900979444,0.069510191440542921,0.059831714023606916,0.050734420044261479,0.042380126822791006,0.034874669434317676,0.028271330229841855,0.022577231349183546,0.01776165454197514,0.013765261007867249,0.010509299724955002,0.0079040813591365281,0.0058562191653986498,0.004274364332066757,0.0030733643462231021,0.0021769319647802292,0.0015190216365667253],[0.0014093064507132433,0.0020196975387808207,0.0028513828205330113,0.0039656375398940385,0.0054332389005601247,0.0073331890594858498,0.0097502389290077852,0.012771030159902934,0.016478774046906862,0.020946533619866561,0.026229361783952611,0.032355758086081016,0.039319114801022875,0.047069998030559425,0.055510216905982353,0.064489641772898162,0.073806617208955871,0.083212569529287836,0.092421042066230863,0.10112093697528492,0.10899325061459794,0.11573012474512311,0.12105466586320919,0.12473977068751679,0.12662417982808535,0.12662417982808535,0.12473977068751679,0.12105466586320919,0.11573012474512311,0.10899325061459794,0.10112093697528492,0.092421042066230891,0.083212569529287836,0.073806617208955913,0.064489641772898162,0.055510216905982353,0.047069998030559466,0.039319114801022875,0.032355758086081043,0.026229361783952621,0.020946533619866561,0.016478774046906862,0.012771030159902946,0.0097502389290077852,0.0073331890594858498,0.0054332389005601299,0.0039656375398940385,0.0028513828205330165,0.0020196975387808229,0.0014093064507132433],[0.001288057396040679,0.0018459337578957311,0.0026060653657493174,0.0036244556751244311,0.004965792604426509,0.006702281395118137,0.0089113814524273641,0.011672280251180563,0.015061030039321395,0.019144407901368257,0.023972730290242071,0.029572044806995403,0.03593631221910517,0.04302035165183437,0.050734420044261451,0.058941304080142386,0.067456697671841287,0.076053413061086816,0.084469638752414714,0.092421042066230891,0.099616064697353596,0.10577333485362546,0.1106397814410249,0.11400783990817548,0.11573012474512316,0.11573012474512316,0.11400783990817548,0.1106397814410249,0.1057733348536255,0.099616064697353596,0.092421042066230891,0.084469638752414755,0.076053413061086816,0.067456697671841287,0.058941304080142386,0.050734420044261479,0.04302035165183439,0.03593631221910517,0.029572044806995417,0.023972730290242092,0.019144407901368257,0.015061030039321395,0.011672280251180573,0.0089113814524273641,0.006702281395118137,0.0049657926044265176,0.0036244556751244311,0.0026060653657493196,0.0018459337578957328,0.001288057396040679],[0.0011597203756795896,0.0016620121104594511,0.0023464071665614782,0.0032633290334032391,0.0044710203772398991,0.0060344921906036342,0.0080234861253859792,0.010509299724955002,0.013560407687587058,0.017236933689278647,0.021584180847626595,0.026625601482202322,0.03235575808608103,0.038733971430848994,0.045679440104514413,0.053068622191047826,0.060735575143284669,0.068475747306009846,0.076053413061086789,0.083212569529287836,0.089690708138978517,0.095234491887080081,0.099616064697353596,0.10264854294160052,0.10419922602782929,0.10419922602782929,0.10264854294160052,0.099616064697353596,0.095234491887080122,0.089690708138978517,0.083212569529287836,0.076053413061086816,0.068475747306009846,0.060735575143284697,0.053068622191047798,0.045679440104514434,0.038733971430849008,0.03235575808608103,0.026625601482202332,0.021584180847626616,0.017236933689278647,0.013560407687587058,0.010509299724955021,0.0080234861253859792,0.0060344921906036342,0.0044710203772399025,0.0032633290334032391,0.0023464071665614803,0.0016620121104594526,0.0011597203756795896],[0.0010286311109174878,0.0014741461816072767,0.0020811804819679375,0.0028944578704602148,0.0039656375398940428,0.0053523819500076453,0.0071165494887080027,0.009321378564820515,0.01202760382303612,0.015288552845528654,0.019144407901368267,0.023615970371681116,0.028698417379413425,0.03435566788227952,0.040516053874849953,0.047069998030559466,0.053870315156996147,0.060735575143284697,0.067456697671841287,0.073806617208955913,0.079552497900979444,0.084469638752414755,0.088355939452060925,0.091045640806479977,0.092421042066230891,0.092421042066230891,0.091045640806479977,0.088355939452060925,0.084469638752414755,0.079552497900979444,0.073806617208955913,0.067456697671841287,0.060735575143284697,0.053870315156996175,0.047069998030559446,0.040516053874849974,0.034355667882279547,0.028698417379413425,0.023615970371681116,0.019144407901368284,0.015288552845528654,0.01202760382303612,0.009321378564820515,0.0071165494887080027,0.0053523819500076453,0.0039656375398940498,0.0028944578704602148,0.002081180481967941,0.001474146181607278,0.0010286311109174878],[0.00089878190287086648,0.0012880573960406801,0.0018184627452424943,0.0025290760944138603,0.0034650354401812534,0.0046767242239336097,0.0062181921424003554,0.0081446947063427162,0.010509299724955002,0.013358602975161525,0.016727714318868256,0.020634809275668683,0.025075673784205246,0.030018781491153664,0.035401511398946275,0.041128118670550058,0.047069998030559425,0.053068622191047798,0.05894130408014